VERSION:   4
COMMENT: Sn alpha /T[0,300]/P[-1,1]/Z=51
K0:       54.0
K0P:      4.5
DK0DT:    0.0
DK0PDT:   0.0
SYMMETRY: CUBIC
A:        6.467
B:        6.467
C:        6.467
ALPHA:    90.0
BETA:     90.0
GAMMA:    90.0
VOLUME:   270.463449563
ALPHAT:   0.0
DALPHADT: 0.0
DIHKL:    3.73372	100	1	1	1
DIHKL:    2.28643	91.1433	2	2	0
DIHKL:    1.94987	60.3485	3	1	1
DIHKL:    1.61675	18.2493	4	0	0
DIHKL:    1.48363	28.8144	3	3	1
DIHKL:    1.32007	41.5385	4	2	2
DIHKL:    1.24457	23.4004	5	1	1
DIHKL:    1.14321	13.6906	4	4	0
DIHKL:    1.09312	23.9419	5	3	1
DIHKL:    1.02252	19.505	6	2	0
DIHKL:    0.986208	8.70428	5	3	3
DIHKL:    0.933431	4.86281	4	4	4
DIHKL:    0.905561	13.209	7	1	1
DIHKL:    0.864189	22.6079	6	4	2
DIHKL:    0.841932	15.5259	7	3	1
DIHKL:    0.808375	2.25224	8	0	0
DIHKL:    0.79007	4.16297	7	3	3
DIHKL:    0.762143	11.0254	8	2	2
DIHKL:    0.746745	7.9874	7	5	1
DIHKL:    0.723033	6.1171	8	4	0
DIHKL:    0.709845	8.60349	9	1	1
DIHKL:    0.689385	5.1771	6	6	4
DIHKL:    0.677926	4.88153	9	3	1
DIHKL:    0.660035	4.44397	8	4	4
DIHKL:    0.649958	6.3149	9	3	3
DIHKL:    0.634142	11.58	10	2	0
DIHKL:    0.625188	5.50644	9	5	1
DIHKL:    0.603051	3.23024	9	5	3
DIHKL:    0.590354	5.98736	10	4	2
DIHKL:    0.58311	2.86372	11	1	1
DIHKL:    0.571607	1.33225	8	8	0
DIHKL:    0.565024	6.38569	11	3	1
DIHKL:    0.554541	4.76843	10	6	0
DIHKL:    0.548524	3.43432	11	3	3
DIHKL:    0.538917	2.67834	12	0	0
DIHKL:    0.533389	2.40389	11	5	1
DIHKL:    0.524543	5.79701	12	2	2
DIHKL:    0.519442	3.72062	11	5	3
DIHKL:    0.511261	1.74758	12	4	0
DIHKL:    0.506535	0.841991	9	9	1
