VERSION:   4
COMMENT: Ga II /T[150,350]/P[1,10,1]/Z=18 #10.1063/1.435841
K0:       4.9
K0P:      0.0
DK0DT:    0.0
DK0PDT:   0.0
SYMMETRY: CUBIC
A:        6.510999999999993
B:        6.510999999999993
C:        6.510999999999993
ALPHA:    90.0
BETA:     90.0
GAMMA:    90.0
VOLUME:   276.0216108309991
ALPHAT:   0.0
DALPHADT: 0.0
DIHKL:    2.30199	100	2	2	0
DIHKL:    1.62775	18.3286	4	0	0
DIHKL:    1.32905	38.2237	4	2	2
DIHKL:    1.15099	11.4674	4	4	0
DIHKL:    1.02948	14.875	6	2	0
DIHKL:    0.939782	3.4017	4	4	4
DIHKL:    0.870069	14.6764	6	4	2
DIHKL:    0.813875	1.37488	8	0	0
DIHKL:    0.767329	6.41176	8	2	2
DIHKL:    0.727952	3.42894	8	4	0
DIHKL:    0.694075	2.82528	6	6	4
DIHKL:    0.664526	2.38018	8	4	4
DIHKL:    0.638456	6.12529	10	2	0
DIHKL:    0.59437	3.12813	10	4	2
DIHKL:    0.575497	0.694421	8	8	0
DIHKL:    0.558314	2.4831	10	6	0
