VERSION:   4
COMMENT: Ga liq /T[150,350]/P[-0.2,3]/Z=23
K0:       20
K0P:      4.652
DK0DT:    0.0
DK0PDT:   0.0
SYMMETRY: TETRAGONAL
A:        2.84
B:        2.84
C:        4.95
ALPHA:    90.0
BETA:     90.0
GAMMA:    90.0
VOLUME:   41.5
ALPHAT:   0.0
DALPHADT: 0.0
DIHKL:    2.37807	100     1	0	1
DIHKL:    1.98909	30.8218	1	1	0