VERSION:   4
COMMENT: Bi BetaSn /Z=83
K0:       54.7
K0P:      4.5
DK0DT:    0.0
DK0PDT:   0.0
SYMMETRY: TETRAGONAL
A:        6.276
B:        6.276
C:        3.336
ALPHA:    90.0
BETA:     90.0
GAMMA:    90.0
VOLUME:   131.398955136
ALPHAT:   0.0
DALPHADT: 0.0
DIHKL:    3.138	100	2	0	0
DIHKL:    2.94571	89	1	0	1
DIHKL:    2.2189	37.14	2	2	0
DIHKL:    2.14769	69.4	2	1	1
DIHKL:    1.77234	18.3	3	0	1
DIHKL:    1.56135	24.65	1	1	2
DIHKL:    1.569	11.54	4	0	0
DIHKL:    1.54321	22.1	3	2	1
