VERSION:   4
COMMENT: Bi II /Z=83
K0:       38.2
K0P:      3.3
DK0DT:    0.0
DK0PDT:   0.0
SYMMETRY: MONOCLINIC
A:        6.658
B:        6.098
C:        3.296
ALPHA:    90.0
BETA:     110.37
GAMMA:    90.0
VOLUME:   125.45072797
ALPHAT:   0.0
DALPHADT: 0.0
DIHKL:    3.12082	100	2	0	0
DIHKL:    3.08988	41	0	0	1
DIHKL:    3.049	80.9	0	2	0
DIHKL:    2.27391	67	-1	1	1
DIHKL:    2.87237	66	1	1	1
DIHKL:    2.71942	18	2	0	1
