VERSION:   4
COMMENT: Bi 5 /Z=83
K0:       35.22
K0P:      6.303
DK0DT:    0.0
DK0PDT:   0.0
SYMMETRY: CUBIC
A:        3.8
B:        3.8
C:        3.8
ALPHA:    90.0
BETA:     90.0
GAMMA:    90.0
VOLUME:   54.872
ALPHAT:   20.0
DALPHADT: 0.0
DIHKL:    2.68701	100		1	1	0
DIHKL:    1.90000	20.14	2	0	0
DIHKL:    1.55134	45.15	2	1	1
DIHKL:    1.34350	14.55	2	2	0
DIHKL:    1.20170	20.31	3	2	0
