VERSION:   4
COMMENT: Bi V /Z=83
K0:       34
K0P:      6
DK0DT:    0.0
DK0PDT:   0.0
SYMMETRY: CUBIC
A:        4.00956
B:        4.00956
C:        4.00956
ALPHA:    90.0
BETA:     90.0
GAMMA:    90.0
VOLUME:   64.46
ALPHAT:   0.0
DALPHADT: 0.0
DIHKL:    2.83519	100		1	1	0
DIHKL:    2.00478	20.14	2	0	0
DIHKL:    1.6369	45.15	2	1	1
DIHKL:    1.41759	14.55	2	2	0
DIHKL:    1.26793	20.31	3	1	0
