VERSION:   4 Cr, Im-3m, EoS Anzellini
COMMENT: Cr bcc /T[150,350]/P[-0.2,100]/Z=24 
K0:       185.0
K0P:      4.74
DK0DT:    0.0
DK0PDT:   0.0
SYMMETRY: CUBIC
A:        2.8839
B:        2.8839
C:        2.8839
ALPHA:    90.0
BETA:     90.0
GAMMA:    90.0
VOLUME:   23.985047953719004
ALPHAT:   0.0
DALPHADT: 0.0
DIHKL:    2.03923	100	1	1	0
DIHKL:    1.44195	16.512	2	0	0
DIHKL:    1.17735	32.4789	2	1	1
DIHKL:    1.01961	9.44409	2	2	0
DIHKL:    0.911969	12.1726	3	1	0
DIHKL:    0.83251	2.8321	2	2	2
DIHKL:    0.770755	12.6775	3	2	1
DIHKL:    0.720975	1.24874	4	0	0
DIHKL:    0.679742	6.16307	4	1	1
DIHKL:    0.64486	3.48977	4	2	0
DIHKL:    0.61485	3.03229	3	3	2
DIHKL:    0.588674	2.67556	4	2	2
DIHKL:    0.565579	7.15195	5	1	0
DIHKL:    0.526526	3.84007	5	2	1
DIHKL:    0.509806	0.863659	4	4	0
