VERSION:   4
COMMENT: H2O Ice Ic /T[0,300]/P[-1,1]/Z=18
K0:       11.0
K0P:      5.5
DK0DT:    0.0
DK0PDT:   0.0
SYMMETRY: CUBIC
A:        6.358
B:        6.358
C:        6.358
ALPHA:    90.0
BETA:     90.0
GAMMA:    90.0
VOLUME:   257.016834712
ALPHAT:   0.0
DALPHADT: 0.0
DIHKL:    3.67079	100	1	1	1
DIHKL:    2.24789	68.8422	2	2	0
DIHKL:    1.91701	39.1138	3	1	1
DIHKL:    1.5895	9.45145	4	0	0
DIHKL:    1.45863	13.2614	3	3	1
DIHKL:    1.29782	16.1193	4	2	2
DIHKL:    1.2236	8.32488	5	1	1
DIHKL:    1.12395	4.31897	4	4	0
DIHKL:    1.0747	7.12443	5	3	1
DIHKL:    1.00529	5.37174	6	2	0
DIHKL:    0.969586	2.31199	5	3	3
DIHKL:    0.917698	1.23283	4	4	4
DIHKL:    0.890298	3.2781	7	1	1
DIHKL:    0.849623	5.4596	6	4	2
DIHKL:    0.827741	3.70244	7	3	1
DIHKL:    0.79475	0.528291	8	0	0
DIHKL:    0.776753	0.968742	7	3	3
DIHKL:    0.749297	2.53757	8	2	2
DIHKL:    0.734159	1.82806	7	5	1
DIHKL:    0.710846	1.38861	8	4	0
DIHKL:    0.697881	1.94459	9	1	1
DIHKL:    0.677765	1.16271	6	6	4
DIHKL:    0.666499	1.09269	9	3	1
DIHKL:    0.648911	0.990113	8	4	4
DIHKL:    0.639003	1.40382	9	3	3
DIHKL:    0.623453	2.56737	10	2	0
DIHKL:    0.614651	1.21969	9	5	1
DIHKL:    0.592887	0.71571	9	5	3
DIHKL:    0.580403	1.3297	10	4	2
DIHKL:    0.573282	0.637409	11	1	1
DIHKL:    0.555501	1.4342	11	3	1
DIHKL:    0.545194	1.0794	10	6	0
DIHKL:    0.539279	0.781688	11	3	3
DIHKL:    0.529833	0.615985	12	0	0
DIHKL:    0.524399	0.556715	11	5	1
DIHKL:    0.515702	1.35962	12	2	2
DIHKL:    0.510687	0.87981	11	5	3
